np.array([8.9143694 , 10.99734545, 10.2829785 ,  8.49370529,  9.42139975,
       11.65143654,  7.57332076,  9.57108737, 11.26593626,  9.1332596 ,
        9.32111385,  9.90529103, 11.49138963,  9.361098  ,  9.55601804,
        9.56564872, 12.20593008, 12.18678609, 11.0040539 , 10.3861864 ,
       10.73736858, 11.49073203,  9.06416613, 11.17582904,  8.74611933,
        9.3622485 , 10.9071052 ,  8.5713193 ,  9.85993128,  9.1382451 ,
        9.74438063,  7.20141089,  8.2284669 ,  9.30012277, 10.92746243,
        9.82636432, 10.00284592, 10.68822271,  9.12046366, 10.28362732,
        9.19463348,  8.27233051,  9.60910021, 10.57380586, 10.33858905,
        9.98816951, 12.39236527, 10.41291216, 10.97873601, 12.23814334,
        8.70591468,  8.96121179, 11.74371223,  9.20193726, 10.02968323,
       11.06931597, 10.89070639, 11.75488618, 11.49564414, 11.06939267,
        9.22729129, 10.79486267, 10.31427199,  8.67373454, 11.41729905,
       10.80723653, 10.04549008,  9.76690794,  8.80169886, 10.19952407,
       10.46843912,  9.16884502, 11.16220405,  8.90279695,  7.87689965,
       11.03972709,  9.59663396,  9.87397041,  9.16248328,  8.39403724,
       11.25523737,  9.31113102, 11.66095249, 10.80730819,  9.68524185,
        8.9140976 ,  9.26753801,  8.78747687, 12.08711336, 10.16444123,
       11.15020554,  8.73264795, 10.18103513, 11.17786194,  9.66498924,
       11.03111446,  8.91543209,  8.63652846, 10.37940061,  9.62082357])